# Created by Octave 5.2.0, Sat Apr 30 12:42:33 2022 CEST <marc@DESKTOP-JV68U8A>
# name: x1h
# type: matrix
# rows: 3
# columns: 5
 0.88821189244077481 0.88385921928786315 0.18367291298144661 3.8280397529448513 0.70651771426612109
 0.86397769934738899 4.8056985992765711 0.57087070226974923 2.5504179421735413 0.13594776274352352
 1 1 1 1 1


