# Created by Octave 5.2.0, Sun May 08 21:11:33 2022 CEST <marc@DESKTOP-JV68U8A>
# name: x1h
# type: matrix
# rows: 3
# columns: 5
 -2.9014719733195959 -0.97591134858901252 -0.88531312259369466 -0.66807262093354969 -0.98635581522150717
 0.85450831599946264 0.62911591943966172 1.0869414109612261 0.24692871377900497 2.3679766122696111
 1 1 1 1 1


