# Created by Octave 5.2.0, Sun May 08 21:11:33 2022 CEST <marc@DESKTOP-JV68U8A>
# name: x2h
# type: matrix
# rows: 3
# columns: 5
 -0.53944940014119969 -0.055940149399554141 -0.42635541198763716 -0.25225201302222144 -0.6299886703426717
 0.034118311822222691 0.080514837870495473 0.46224618745739132 0.17131757542332671 0.89644557174460604
 1 1 1 1 1


