# Created by Octave 5.2.0, Sat Apr 30 12:42:33 2022 CEST <marc@DESKTOP-JV68U8A>
# name: x2h
# type: matrix
# rows: 3
# columns: 5
 -0.18934699349911549 -0.38101981167008708 0.11255880652192628 -0.53626607854217068 0.077756405142474908
 0.47346090590648304 -0.043929583452286675 0.27109654456585586 0.45900066942788853 0.93574122643371094
 1 1 1 1 1


