# Created by Octave 5.2.0, Sun May 08 21:11:33 2022 CEST <marc@DESKTOP-JV68U8A>
# name: R
# type: matrix
# rows: 3
# columns: 3
 0.8749965345703582 0.39863215492156767 0.2747243519465486
 0.33450236672566225 -0.90802688964355682 0.25218115381443024
 0.34998461558302013 -0.12876168974828658 -0.92786378100902867


