# Created by Octave 5.2.0, Sat Apr 30 12:42:33 2022 CEST <marc@DESKTOP-JV68U8A>
# name: R
# type: matrix
# rows: 3
# columns: 3
 -0.63466487427465346 -0.4931021967649859 0.59502161381539997
 0.76622720876483552 -0.30141669803522642 0.56748906482327033
 -0.10048065440863238 0.81608712628682356 0.5691269106258523


