# Created by Octave 5.2.0, Sat Apr 30 12:42:33 2022 CEST <marc@DESKTOP-JV68U8A>
# name: t
# type: matrix
# rows: 3
# columns: 1
 0.014760953634183782
 -0.037673691800351114
 1


