# Created by Octave 5.2.0, Tue May 10 23:16:41 2022 CEST <marc@DESKTOP-JV68U8A>
# name: x1h
# type: matrix
# rows: 3
# columns: 32
 0.86387207847676839 0.31020393321261996 0.72911673687442147 0.98282050185762249 0.8573569011357014 3.0269447000177219 3.0192244973832429 0.18187973825612963 3.0310232875200365 0.16666676032541369 0.11185593135857799 1.9508423595237565 0.075498433687683511 0.10694058820437401 2.0349115944051381 2.4260365015796737 1.0830390105667191 0.10356415139566588 0.3868181349968452 1.7806624749301534 2.7075876963623369 1.0606541181496276 1.1959549905763693 0.025157963341687423 0.016136936603733554 0.93015950954856963 0.5597171608540269 4.0845758496863063 0.13890809985118915 0.46703479686499377 1.6308958285357047 0.90984779058534082
 0.52691832339315248 0.34938275911350741 3.2423162283812119 2.0008497067536646 0.25057234453649874 2.8247054945504835 1.2772772926165172 0.38781795998540519 2.2199793109527106 0.15358477697251208 2.701974887698102 11.969435591489786 0.91993564840715447 1.1206555007143151 0.095545355793331815 1.3449160396031679 1.7978756714839284 1.1664764765510511 1.3071805388966891 1.7238602549615174 2.2969765129192199 0.038021116108598735 1.1036816341266298 0.035761398254125269 1.9378792807341512 0.58434082973862989 0.83003742106197043 2.5578419594279458 1.2023505243421813 0.86417880542190495 2.6364920698621517 0.39569314537310613
 1 1 1 1 1 1 1 1 1 1 1 1 1 1 1 1 1 1 1 1 1 1 1 1 1 1 1 1 1 1 1 1


