# Created by Octave 5.2.0, Tue May 10 23:18:27 2022 CEST <marc@DESKTOP-JV68U8A>
# name: x1h
# type: matrix
# rows: 3
# columns: 32
 -23.816440825650794 -0.0048189158557144889 -0.8147358593887909 -0.0048748777577615502 -0.80258766862264619 -0.61797398768909917 -2.5402551912888884 -1.1039689890592035 -0.86952097828507513 -1.1847572749131854 -0.094643562373300918 -1.9672218103146 -1.4174629711763036 -0.89512986097088765 -0.22045037379585222 -1.0118062697956955 -1.1661717013483821 -0.078389579865261627 -2.6847886218284596 -0.60029317202036137 -0.053370753487273069 -4.0932050877693635 -3.5130935653774342 -2.160508409695292 -0.8530056414187156 -0.55941660731212794 -0.95000646661014154 -0.07489369589174906 -0.25063832562844013 -0.43397854530714497 -0.44567633765356346 -0.056905657724109548
 -15.379295377521741 -0.97223177246082826 -1.1845827027498905 -0.92207380304775399 -0.55309203137899876 -0.47715135485341786 -1.7115001893184993 -0.48386113579711065 -0.55181485777697303 -0.53030600150843721 -1.0665933715736649 -1.6522811114027323 -0.2304335052471681 -0.26464050343294132 -0.18276036671391502 -0.68995923848201157 -0.30999543813073432 -1.7958428491917187 -3.3050792503061901 -1.7478199742857967 -1.0127099675749249 -6.3728072952522758 -2.5057498643712686 -2.7780711202110053 -2.0618085783029469 -0.24231179301765446 -0.47311718334995417 -0.88589746611181164 -0.44611706881568186 -0.4312014744657377 -1.1749076975092576 -1.2267196954240005
 1 1 1 1 1 1 1 1 1 1 1 1 1 1 1 1 1 1 1 1 1 1 1 1 1 1 1 1 1 1 1 1


