# Created by Octave 5.2.0, Tue May 10 23:16:41 2022 CEST <marc@DESKTOP-JV68U8A>
# name: x2h
# type: matrix
# rows: 3
# columns: 32
 -0.047715673057030991 0.21055218241115856 0.19075330508967744 0.087287768786653272 -0.15847197552848136 -0.24471572362961994 -0.46146381893891064 0.55685902540688526 -0.38139736955146519 1.2713336411399936 0.16132344184482278 0.10014870685227471 0.54152745095778543 0.21482385018619654 -1.1339146533666611 -0.33930203447047796 0.023827368146705028 0.35406278342510356 0.3629968982026926 -0.21393369006340388 -0.24958221178212422 -0.34663147685313139 -0.10046952620912893 1.1253049029049402 0.3892192480314719 -0.090812445663660535 0.24127738752411632 -0.39415522968161132 0.45722137136573171 0.274449307704483 -0.035028701318108028 -0.11958054456402482
 0.80895657341378224 0.64329532848141047 0.30015377875660337 0.50378107879859635 1.4895186170514876 0.47998914133464005 0.67429575238140538 1.1503689788063389 0.67009964754279894 2.9158188197711215 0.12540455016386259 0.086405136122259099 0.69610041982637128 0.27246718257721503 1.8952601213983635 0.62346686952688879 0.40848464067499268 0.43595168753466795 0.70485445525310919 0.78505388311098601 0.50291699134163759 1.3091852805248922 0.80940398889617038 1.9774031274931587 0.32737137197277227 1.1522268515237561 1.0235560322766215 0.53592733673103954 0.5887625872615081 0.85107618163445742 0.49065905193684745 1.0906187774531571
 1 1 1 1 1 1 1 1 1 1 1 1 1 1 1 1 1 1 1 1 1 1 1 1 1 1 1 1 1 1 1 1


