# Created by Octave 5.2.0, Tue May 10 23:18:27 2022 CEST <marc@DESKTOP-JV68U8A>
# name: x2h
# type: matrix
# rows: 3
# columns: 32
 -1.0105344214722469 0.14657724008726991 -0.39691105543424815 0.12915662443291773 -0.13362271330124129 -0.14563485736289936 -0.7993496995831435 -0.30057816304858992 -0.2062897189662741 -0.25936251087321749 0.14119715842799949 -0.56238325026616498 -0.4151819187445483 -0.25231512278687424 0.106005806346746 -0.2537821190044135 -0.38801158137441866 -0.021910671692478356 -0.46504545356459071 -0.52222486895967968 0.086502170446626184 -0.28401280818420704 -0.60766296555899169 -1.6089619052732698 -1.1810013765601923 -0.054881712940009597 -0.22444594500809437 0.063045047101681767 0.053222199412989599 -0.033370413682093578 -0.18176612654758434 0.098367349551719899
 -0.56664164235128145 -1.014762110787804 -0.99814305063205033 -0.82210228388715956 -0.2912022261235121 -0.50448690464198831 -0.65939091966210628 -0.35533365494879954 -0.38049229827763437 -0.29340601810401529 -2.1164139567734459 -0.60655663158750617 -0.24151583855914693 -0.3424463074627343 -0.31483262248629068 -0.40036423634896651 -0.34259510944080734 -0.52909057207305044 -0.58334583646094262 -1.98699602634803 -0.86587441231182971 -0.39475648574772854 -0.4810398895938709 -2.1207419342977625 -3.2409000037848812 -0.26610113115575346 -0.33875761127342735 -0.55434562296182188 -0.43845429017514442 -0.44592739921660079 -1.0775291603504493 -1.7875701526034233
 1 1 1 1 1 1 1 1 1 1 1 1 1 1 1 1 1 1 1 1 1 1 1 1 1 1 1 1 1 1 1 1


