# Created by Octave 5.2.0, Sun May 15 13:51:09 2022 CEST <marc@DESKTOP-JV68U8A>
# name: x1h
# type: matrix
# rows: 3
# columns: 32
 2.0364096819848991 0.58234992029436972 1.5899676652120986 0.10403942774493447 0.63883709759258767 1.5428485569542683 1.4079194093062162 1.4849441192519091 4.9378707492689182 8.5928705404750261 0.83342448429922633 0.42572521380106426 1.3449995343457151 1.3367420508264021 0.12331121261944167 0.11186891607746308 1.4787699411825004 4.2064886349185793 0.26047447809813296 1.4204774053066029 0.66801957127103218 0.14088797242194878 0.94273327469354107 9.2639799587361367 2.8683502157203278 0.94417401835909753 0.24889801090965596 1.9819977202909191 2.8820715773869479 1.6472336525985349 0.65156217976263153 3.4227687572208523
 2.1159989450495127 0.94731964601529872 2.293567991451781 0.2215112652845683 0.08987716525619853 0.5642051393273666 1.0717369856531778 1.2884381610231943 5.1786132785214987 3.0576330453626208 0.714352419086702 1.1332217234797091 3.2446380704833566 0.37527408948989704 0.50989575144070243 0.75425608797197985 0.62615253952208094 48.636177186354367 3.9497796549030677 0.41217226935179729 2.2570011817906797 0.084745198385223167 1.0472425957618487 6.5642344040807208 1.6488045648520013 0.34586729056362947 0.85088116799044811 0.68833746389219874 2.9832028585360697 1.6935026633716377 0.10720425453436988 0.99940425992059245
 1 1 1 1 1 1 1 1 1 1 1 1 1 1 1 1 1 1 1 1 1 1 1 1 1 1 1 1 1 1 1 1


