# Created by Octave 5.2.0, Wed May 11 23:37:54 2022 CEST <marc@DESKTOP-JV68U8A>
# name: x1h
# type: matrix
# rows: 3
# columns: 32
 1.9944691532013707 1.6126233224598341 0.073875093054324339 0.97150950898925426 3.4741745976412526 1.4968027191305529 0.71176265571480279 0.13542966071258727 6.3159379877954507 0.88933723356402894 6.3763148173788871 0.32728841657068836 0.25086043244157619 2.1098851627065613 15.353678198826207 0.93902645482930502 6.0942627192616552 2.7928905559199957 4.4384482045330618 3.623514754613228 0.29118802624699081 1.0244546970874513 0.65768401860602765 0.10119654703784203 2.1069354322175387 0.17080402154198512 0.11211092213879124 1.9584615404521712 0.07505313292943426 0.40195651800923066 1.8855437128489994 35.72274824001655
 0.1991907911999494 1.1072257206035756 0.46097515863094568 1.2049171350658625 6.6143761331136135 1.6469351701759256 0.069933282361903756 0.62257576282194038 1.2265341077767176 0.0045871610172994459 7.5882542313165606 0.26790142965419816 2.9519652779385281 0.11037860527990936 11.80912979172478 0.25819929152687449 10.465651120749795 0.4276622215228057 0.70699533683860849 11.280599780268314 1.2383658434133542 0.1130049712460696 2.1842600342716443 0.39312717952340037 0.17912486962087137 0.53215726991985435 0.39336172035841072 2.1626502093001299 1.1735453937704747 1.4254032983888585 2.0796779283079521 35.679835202251049
 1 1 1 1 1 1 1 1 1 1 1 1 1 1 1 1 1 1 1 1 1 1 1 1 1 1 1 1 1 1 1 1


