# Created by Octave 5.2.0, Sun May 15 14:19:27 2022 CEST <marc@DESKTOP-JV68U8A>
# name: x2h
# type: matrix
# rows: 3
# columns: 32
 -0.28417586292020058 0.0046601178395769922 -0.11095966885520994 -0.54022619474399869 -0.6468805122944653 0.15969658467888376 -0.079716628354735863 0.034045894000711473 -0.23387847655588365 -0.25596325008567045 -0.10054522390276063 -0.3493946983321784 -0.024737070601986582 -0.26919119747943199 -0.17533027439400953 -0.37590553461829301 -0.49484607654250012 -0.0042838334116521576 -0.05551040992878202 -0.33482956383842144 -0.13312912881007047 -0.29945511231146305 -0.70423667157175041 -0.036492242786991605 -0.47012757957823276 0.10106497149402267 -0.1598013059741161 -0.32470515118495052 0.016407985161626597 -0.023416068090344414 0.23002069730575284 -0.12214803460703258
 -0.073986774465665914 -0.32868391114222467 0.0036898712034610895 -0.39117532861447019 -0.28015223033112191 -0.31425437259046612 0.079117615304070563 -0.14615307322555462 -0.10163370426358502 -0.33924371044040846 -0.11801177046051463 0.030109856848220509 -0.088529266726553646 0.13615309769674042 -0.81459433600151709 -0.10287735145770543 -0.17024077955780015 -0.18390991979734431 -0.25199594231015288 -0.29058787426254284 0.0084043863923402243 -0.12878027889242682 -0.055827219322081539 -0.49863340913007675 -0.19185298098857317 -0.20949560526529448 -0.16939898321156768 -0.14785018164479244 -0.29720798523690323 -0.099085038312770421 -0.24390309325712273 0.098247424005134379
 1 1 1 1 1 1 1 1 1 1 1 1 1 1 1 1 1 1 1 1 1 1 1 1 1 1 1 1 1 1 1 1


