# Created by Octave 5.2.0, Sun May 15 14:19:27 2022 CEST <marc@DESKTOP-JV68U8A>
# name: K
# type: matrix
# rows: 3
# columns: 3
 -1 0 0
 0 -1 0
 0 0 1


