# Created by Octave 5.2.0, Sun May 15 13:51:09 2022 CEST <marc@DESKTOP-JV68U8A>
# name: R
# type: matrix
# rows: 3
# columns: 3
 -0.48487670422114659 0.83653550778855512 -0.25515275015680788
 0.119130198811643 0.35219679673122395 0.9283132079763613
 0.86643094210371818 0.41972105091502021 -0.27042866339213023


