# Created by Octave 5.2.0, Sun May 15 14:19:27 2022 CEST <marc@DESKTOP-JV68U8A>
# name: t
# type: matrix
# rows: 3
# columns: 1
 -0.015445477264058389
 0.015003067430782058
 2


