# Created by Octave 5.2.0, Sun May 15 14:19:27 2022 CEST <marc@DESKTOP-JV68U8A>
# name: R
# type: matrix
# rows: 3
# columns: 3
 -0.14997223220553124 0.95405983590555976 0.2593803367241741
 0.92366928171427531 0.041633683277625289 0.38092216322258388
 0.35262357774931136 0.29670939642787553 -0.88747965975941123


