# Created by Octave 5.2.0, Wed May 11 23:37:54 2022 CEST <marc@DESKTOP-JV68U8A>
# name: R
# type: matrix
# rows: 3
# columns: 3
 0.95771298930121163 0.26408007020680219 -0.11422585803270535
 -0.21944134632155465 0.92716838125162282 0.303651590366046
 0.18609493719153364 -0.26574519624410126 0.94591128813692849


