# Created by Octave 5.2.0, Sun May 15 13:51:09 2022 CEST <marc@DESKTOP-JV68U8A>
# name: t
# type: matrix
# rows: 3
# columns: 1
 0.02921622916474139
 -0.0026602558681856183
 -1


