# Created by Octave 5.2.0, Wed May 11 23:37:54 2022 CEST <marc@DESKTOP-JV68U8A>
# name: x2h
# type: matrix
# rows: 3
# columns: 32
 1.993149916839962 7.7237473708179989 0.11027587089967437 -1.1330859218001001 -0.72213364748839526 4.6848755522466634 0.67079552154053879 -0.64860519738844957 -16.178764427280523 3.3815591650322543 -0.64997738578913145 0.62576769211944461 -2.4136821804763948 -3.6176452404431996 -0.2623797670491872 -1.7152795418479871 -0.6726573606506453 -4.0527526114784873 4.0858802492083957 -1.2317909558872278 0.99396176895486121 -0.35487199879458781 -0.76873166152911143 0.15659213394885574 4.6707187391641636 0.239740338648359 0.19686228548130896 -2.9581199059308578 1.0292538087821552 1.7655710136571061 -2.9499797079580179 -1.0456412951934546
 0.053491537193366724 4.2894980760912205 0.95694192726917471 -1.1183072781406731 -0.77346370355912542 3.9677387398168751 0.23942849342949221 -2.366114879580834 -0.12855615981046437 0.48205366328806826 -0.44684022585874206 1.0296347198997822 -7.7244659854668338 0.10873811133255606 -0.094445815156488214 -0.61871141402902197 -0.64140920038143323 -0.12197248903660822 -0.01490767447907169 -1.8838632860233793 2.7621581918417597 -0.057308123097868979 -1.4151583940190613 1.0384463929013079 0.013284334640572288 0.95045155053213803 1.1444109958871118 -2.3095734197779003 4.9741164326966762 4.114490445424261 -2.3178743399067701 -0.58641282200148648
 1 1 1 1 1 1 1 1 1 1 1 1 1 1 1 1 1 1 1 1 1 1 1 1 1 1 1 1 1 1 1 1


