# Created by Octave 5.2.0, Sun May 15 14:19:27 2022 CEST <marc@DESKTOP-JV68U8A>
# name: x1h
# type: matrix
# rows: 3
# columns: 32
 1.1773327592731329 44.681221628265817 0.34573887422475019 1.2683665734471041 0.88212417897998741 1.3845476446557439 0.099817733615862936 0.71527272007586962 0.63559582823886596 2.3181180802097558 155.18293457706295 0.15550598824500825 0.80468695984434491 0.021585340505977071 2.0290813358808562 21.131597014940503 1.1435253006138613 1.3688787476572448 0.96625969616153495 2.0912090422705671 0.32852293687145151 0.70141396153077129 0.46097750884631028 5.3890292603904077 0.73004709655054378 1.3287787589853615 0.87613648216185003 0.84955669238592812 3.6506203982988037 0.77378217760210266 0.8405552956237502 0.20309467449920873
 4.4489533694559604 7.5530225352023521 0.75437670765717157 1.7266877238894289 1.6275284753661088 0.017058838344436725 0.56786557359645551 0.31785740209215391 0.99840723980131263 2.1435484235783013 177.33783103601715 1.9507739910081994 0.54504621902908756 0.93430272717004392 0.93651101132247971 100.38289885642651 2.9671183089651323 0.53847088158128853 0.55459383890473157 2.6655645703128195 0.80717430734623441 1.1796222474936824 2.3029502770976191 1.5302254234758257 1.2857284727614877 0.063361906269655779 0.8906705014345927 1.5213450612793131 0.73198127587206419 0.5058559905329596 0.012854091474371597 0.52619861158460701
 1 1 1 1 1 1 1 1 1 1 1 1 1 1 1 1 1 1 1 1 1 1 1 1 1 1 1 1 1 1 1 1


