# Created by Octave 5.2.0, Sun May 15 13:51:09 2022 CEST <marc@DESKTOP-JV68U8A>
# name: x2h
# type: matrix
# rows: 3
# columns: 32
 3.2761385894678332 1.0462234319761232 0.66759716072084263 1.373954559571368 0.958109399778584 0.44799873393836714 -0.032292387394332191 0.092702648526194295 0.3112677364569395 9.7857499522668512 -0.12972348323188204 -0.89019060549469675 -11.133127266404561 -0.86394992050757624 -0.14129379995409982 -1.794987580893078 -4.6337051034490067 -2.6038299280637363 -12.196556633948608 -0.75774536796367065 3.5518373017220335 0.44825688422470905 -0.69966776529717789 0.085243221978165709 -0.74812669037366653 0.090983524216550732 1.4008937126514898 0.043815459792948978 0.63997672004404305 0.26663696693969396 2.7318720259087907 -0.35165491887048339
 10.574044063313695 5.2328834707072307 1.4064809566714873 -11.635858899662678 -2.1251512742927368 -1.2623420394221951 11.515118325247295 1.2822594205657825 0.61006805443253564 -18.24893480069262 3.2341709577123527 -2.3528492724628638 -13.190638842812724 1.8204092719522669 -1.109884816799473 -6.5396010983564636 14.803034522852698 -1.2156545333711641 -9.6095553993199854 1.5983232430194221 4.7912687196865233 -1.8172279445802606 -4.8946401285097885 0.4725584367763071 7.2930528191070563 -0.34321752904943403 5.2157588799300711 -0.17101678810516735 1.6413529702931635 1.2190357555141287 -6.1039714490764867 0.55100648378935435
 1 1 1 1 1 1 1 1 1 1 1 1 1 1 1 1 1 1 1 1 1 1 1 1 1 1 1 1 1 1 1 1


