# Created by Octave 5.2.0, Wed May 11 23:37:54 2022 CEST <marc@DESKTOP-JV68U8A>
# name: t
# type: matrix
# rows: 3
# columns: 1
 0.045345384256239685
 -0.0019917916042588579
 -1


