# Created by Octave 5.2.0, Tue May 10 23:16:41 2022 CEST <marc@DESKTOP-JV68U8A>
# name: K
# type: matrix
# rows: 3
# columns: 3
 1 0 0
 0 1 0
 0 0 1


