# Created by Octave 5.2.0, Tue May 10 23:16:41 2022 CEST <marc@DESKTOP-JV68U8A>
# name: R
# type: matrix
# rows: 3
# columns: 3
 -0.8180035949683524 0.27287563741758286 0.50636844799296044
 0.52683301271361926 0.0020344228378796902 0.84996637453419766
 0.23090494869955261 0.96204716497044185 -0.14542405935192559


