# Created by Octave 5.2.0, Tue May 10 23:18:27 2022 CEST <marc@DESKTOP-JV68U8A>
# name: R
# type: matrix
# rows: 3
# columns: 3
 0.87144944767129062 0.23914276998179831 -0.42823661183840311
 -0.073266430814216271 0.92675960167360549 0.36844086475515403
 0.48498236078144952 -0.28970221999703893 0.82514528021412037


