# Created by Octave 5.2.0, Tue May 10 23:18:27 2022 CEST <marc@DESKTOP-JV68U8A>
# name: t
# type: matrix
# rows: 3
# columns: 1
 0.0054644611232715634
 0.039729492727735745
 1


