# Created by Octave 5.2.0, Tue May 10 23:16:41 2022 CEST <marc@DESKTOP-JV68U8A>
# name: t
# type: matrix
# rows: 3
# columns: 1
 -0.018830383410540007
 -0.019129571852917315
 1


